------------- MLP------------- 
MSE :  0.0103210967873
R2_score :  0.808796324494
------------- RBF------------- 
MSE :  0.0106966198534
R2_score :  0.801839564767
------------- MEAN ENSEMBLE------------- 
MSE :  0.00845186510476
R2_score :  0.843424811702
------------- STACKING ENSEMBLE------------- 
MSE :  0.00772364609245
R2_score :  0.856915446913
